# Triangulação de Delaunay
# Número de pontos: 30
# Número de triângulos: 8

# Pontos (índice x y)
0 3.745401 9.507143
1 7.319939 5.986585
2 1.560186 1.559945
3 0.580836 8.661761
4 6.011150 7.080726
5 0.205845 9.699099
6 8.324426 2.123391
7 1.818250 1.834045
8 3.042422 5.247564
9 4.319450 2.912291
10 6.118529 1.394939
11 2.921446 3.663618
12 4.560700 7.851760
13 1.996738 5.142344
14 5.924146 0.464504
15 6.075449 1.705241
16 0.650516 9.488855
17 9.656320 8.083973
18 3.046138 0.976721
19 6.842330 4.401525
20 1.220382 4.951769
21 0.343885 9.093204
22 2.587800 6.625223
23 3.117111 5.200680
24 5.467103 1.848545
25 9.695846 7.751328
26 9.394989 8.948274
27 5.979000 9.218742
28 0.884925 1.959829
29 0.452273 3.253303

# Triângulos (v0 v1 v2)
10 24 14
24 29 9
14 29 9
24 29 18
14 29 18
14 24 18
9 24 18
9 14 18
